NO (25, 0)
NO (25, -1) (500, 0) 
i 25 : The key already exists
(25, -1) (500, 0)
RL (25, 0) (33, 0) (500, 0)
NO (25, 0) (33, -1) (49, 0) (500, 1)
NO (17, 0) (25, 1) (33, 0) (49, 0) (500, 1)
LR (17, 0) (25, 1) (33, 0) (49, 0) (403, 0) (500, 0)
NO (17, 0) (25, 0) (29, 0) (33, 0) (49, 0) (403, 0) (500, 0)
NO (17, 0) (25, 0) (29, 0) (33, -1) (49, -1) (105, 0) (403, 1) (500, 0)
NO (17, 0) (25, 0) (29, 0) (33, -1) (39, 0) (49, 0) (105, 0) (403, 1) (500, 0) 
LR (17, 0) (25, 0) (29, 0) (33, -1) (39, 0) (49, 0) (66, 0) (105, 0) (403, -1) (500, 0)
NO (17, 0) (25, 0) (29, 0) (33, -1) (39, 0) (49, 0) (66, 0) (105, 0) (305, 0) (403, 0) (500, 0)
RL (17, 0) (25, 0) (29, 0) (33, 0) (39, -1) (44, 0) (49, 0) (66, 0) (105, -1) (305, 0) (403, 0) (500, 0)
NO (17, -1) (19, 0) (25, 1) (29, 0) (33, 1) (39, -1) (44, 0) (49, 1) (66, 0) (105, -1) (305, 0) (403, 0) (500, 0)
RR (17, -1) (19, 0) (25, 1) (29, 0) (33, 1) (39, -1) (44, 0) (49, 1) (66, 0) (105, 0) (305, 0) (403, 0) (441, 0) (500, 1)
NO (17, -1) (19, 0) (25, 1) (29, 0) (33, 1) (39, -1) (44, 0) (49, 0) (66, 0) (105, -1) (305, -1) (390, 0) (403, 1) (441, 0) (500, 1) 
NO (12, 0) (17, 0) (19, 0) (25, 1) (29, 0) (33, 1) (39, -1) (44, 0) (49, 0) (66, 0) (105, -1) (305, -1) (390, 0) (403, 1) (441, 0) (500, 1)
NO (12, 0) (17, 0) (19, 0) (25, 1) (29, 0) (33, 1) (39, -1) (44, 0) (49, 0) (66, -1) (81, 0) (105, 0) (305, -1) (390, 0) (403, 1) (441, 0) (500, 1)
NO (12, 0) (17, 0) (19, 0) (25, 1) (29, 0) (33, 1) (39, -1) (44, 0) (49, 0) (50, 0) (66, 0) (81, 0) (105, 0) (305, -1) (390, 0) (403, 1) (441, 0) (500, 1) 
LL (12, 0) (17, 0) (19, 0) (25, 1) (29, 0) (33, 1) (39, -1) (44, 0) (49, 0) (50, 0) (66, -1) (81, -1) (100, 0) (105, 0) (305, -1) (390, 0) (403, 0) (441, 0) (500, 1)
NO (12, 0) (17, 0) (19, 0) (25, 1) (29, 0) (33, 1) (39, -1) (44, 0) (49, 0) (50, 0) (66, -1) (81, -1) (100, 0) (105, 0) (305, -1) (390, 0) (403, 0) (441, 0) (500, 0) (999, 0)
NO (12, 0) (17, 1) (19, 1) (29, 0) (33, 1) (39, -1) (44, 0) (49, 0) (50, 0) (66, -1) (81, -1) (100, 0) (105, 0) (305, -1) (390, 0) (403, 0) (441, 0) (500, 0) (999, 0) 
NO (12, 0) (17, 1) (19, 1) (29, 0) (33, 1) (39, -1) (44, 0) (49, 0) (50, 0) (66, -1) (81, -1) (100, 0) (105, 0) (305, -1) (390, 0) (403, 0) (441, 0) (999, 1)
d 25 : The key does not exist
(12, 0) (17, 1) (19, 1) (29, 0) (33, 1) (39, -1) (44, 0) (49, 0) (50, 0) (66, -1) (81, -1) (100, 0) (105, 0) (305, -1) (390, 0) (403, 0) (441, 0) (999, 1)
LL (12, 0) (17, 0) (19, 0) (29, 0) (39, -1) (44, 0) (49, -1) (50, 0) (66, -1) (81, -1) (100, 0) (105, 0) (305, -1) (390, 0) (403, 0) (441, 0) (999, 1)
RR (12, 0) (17, 0) (19, 0) (29, 0) (39, -1) (44, 0) (50, -1) (66, 0) (81, 0) (100, 0) (105, -1) (305, -1) (390, 0) (403, 0) (441, 0) (999, 1) 
NO (12, 0) (19, 1) (29, 0) (39, -1) (44, 0) (50, -1) (66, 0) (81, 0) (100, 0) (105, -1) (305, -1) (390, 0) (403, 0) (441, 0) (999, 1)
NO (12, 0) (19, 1) (29, 0) (39, -1) (44, 0) (50, -1) (66, 0) (81, 0) (100, 0) (105, -1) (305, -1) (390, 0) (441, 1) (999, 0)
NO (12, 0) (19, 1) (39, 1) (44, 0) (50, -1) (66, 0) (81, 0) (100, 0) (105, -1) (305, -1) (390, 0) (441, 1) (999, 0)
NO (12, 0) (19, 1) (39, 1) (44, 0) (50, 0) (66, 0) (81, 0) (100, 0) (305, 0) (390, 0) (441, 0) (999, 0)
NO (12, 0) (19, 0) (44, 0) (50, -1) (66, 0) (81, 0) (100, 0) (305, 0) (390, 0) (441, 0) (999, 0) 
NO (12, 0) (19, 0) (44, 0) (50, -1) (81, -1) (100, 0) (305, 0) (390, 0) (441, 0) (999, 0)
NO (12, 0) (19, 0) (44, 0) (50, -1) (81, -1) (100, 0) (390, 0) (441, -1) (999, 0)
NO (12, 0) (19, 1) (50, -1) (81, -1) (100, 0) (390, 0) (441, -1) (999, 0)
RR (12, 0) (50, -1) (81, -1) (100, 0) (390, 1) (441, -1) (999, 0)
LR (12, 0) (50, 1) (81, 0) (100, 0) (390, 0) (999, 0)
NO (12, 0) (50, 1) (81, 0) (100, 0) (999, 1)
NO (50, 0) (81, -1) (100, 0) (999, 1) 
NO (50, 0) (100, 0) (999, 0)
NO (100, -1) (999, 0)
NO (999, 0)
NO
d 999 : The key does not exist






---------------------------------------------------------------------------------------------------------------

NO (25, 0)
NO (25, -1) (500, 0)
i 25 : The key already exists
(25, -1) (500, 0)
RL (25, 0) (33, 0) (500, 0)
NO (25, 0) (33, -1) (49, 0) (500, 1)
NO (17, 0) (25, 1) (33, 0) (49, 0) (500, 1)
LR (17, 0) (25, 1) (33, 0) (49, 0) (403, 0) (500, 0)
NO (17, 0) (25, 0) (29, 0) (33, 0) (49, 0) (403, 0) (500, 0)
NO (17, 0) (25, 0) (29, 0) (33, -1) (49, -1) (105, 0) (403, 1) (500, 0)
NO (17, 0) (25, 0) (29, 0) (33, -1) (39, 0) (49, 0) (105, 0) (403, 1) (500, 0)
LR (17, 0) (25, 0) (29, 0) (33, -1) (39, 0) (49, 0) (66, 0) (105, 0) (403, -1) (500, 0)
NO (17, 0) (25, 0) (29, 0) (33, -1) (39, 0) (49, 0) (66, 0) (105, 0) (305, 0) (403, 0) (500, 0)
RL (17, 0) (25, 0) (29, 0) (33, 0) (39, -1) (44, 0) (49, 0) (66, 0) (105, -1) (305, 0) (403, 0) (500, 0)
NO (17, -1) (19, 0) (25, 1) (29, 0) (33, 1) (39, -1) (44, 0) (49, 1) (66, 0) (105, -1) (305, 0) (403, 0) (500, 0)
RR (17, -1) (19, 0) (25, 1) (29, 0) (33, 1) (39, -1) (44, 0) (49, 1) (66, 0) (105, 0) (305, 0) (403, 0) (441, 0) (500, 1)
NO (17, -1) (19, 0) (25, 1) (29, 0) (33, 1) (39, -1) (44, 0) (49, 0) (66, 0) (105, -1) (305, -1) (390, 0) (403, 1) (441, 0) (500, 1)
NO (12, 0) (17, 0) (19, 0) (25, 1) (29, 0) (33, 1) (39, -1) (44, 0) (49, 0) (66, 0) (105, -1) (305, -1) (390, 0) (403, 1) (441, 0) (500, 1)
NO (12, 0) (17, 0) (19, 0) (25, 1) (29, 0) (33, 1) (39, -1) (44, 0) (49, 0) (66, -1) (81, 0) (105, 0) (305, -1) (390, 0) (403, 1) (441, 0) (500, 1)
NO (12, 0) (17, 0) (19, 0) (25, 1) (29, 0) (33, 1) (39, -1) (44, 0) (49, 0) (50, 0) (66, 0) (81, 0) (105, 0) (305, -1) (390, 0) (403, 1) (441, 0) (500, 1)
LL (12, 0) (17, 0) (19, 0) (25, 1) (29, 0) (33, 1) (39, -1) (44, 0) (49, 0) (50, 0) (66, -1) (81, -1) (100, 0) (105, 0) (305, -1) (390, 0) (403, 0) (441, 0) (500, 1)
NO (12, 0) (17, 0) (19, 0) (25, 1) (29, 0) (33, 1) (39, -1) (44, 0) (49, 0) (50, 0) (66, -1) (81, -1) (100, 0) (105, 0) (305, -1) (390, 0) (403, 0) (441, 0) (500, 0) (999, 0)
NO (12, 0) (17, 1) (19, 1) (29, 0) (33, 1) (39, -1) (44, 0) (49, 0) (50, 0) (66, -1) (81, -1) (100, 0) (105, 0) (305, -1) (390, 0) (403, 0) (441, 0) (500, 0) (999, 0)
NO (12, 0) (17, 1) (19, 1) (29, 0) (33, 1) (39, -1) (44, 0) (49, 0) (50, 0) (66, -1) (81, -1) (100, 0) (105, 0) (305, -1) (390, 0) (403, 0) (441, 0) (999, 1)
d 25 : The key does not exist
(12, 0) (17, 1) (19, 1) (29, 0) (33, 1) (39, -1) (44, 0) (49, 0) (50, 0) (66, -1) (81, -1) (100, 0) (105, 0) (305, -1) (390, 0) (403, 0) (441, 0) (999, 1)
LL (12, 0) (17, 0) (19, 0) (29, 0) (39, -1) (44, 0) (49, -1) (50, 0) (66, -1) (81, -1) (100, 0) (105, 0) (305, -1) (390, 0) (403, 0) (441, 0) (999, 1)
RR (12, 0) (17, 0) (19, 0) (29, 0) (39, -1) (44, 0) (50, -1) (66, 0) (81, 0) (100, 0) (105, -1) (305, -1) (390, 0) (403, 0) (441, 0) (999, 1)
NO (12, 0) (19, 1) (29, 0) (39, -1) (44, 0) (50, -1) (66, 0) (81, 0) (100, 0) (105, -1) (305, -1) (390, 0) (403, 0) (441, 0) (999, 1)
NO (12, 0) (19, 1) (29, 0) (39, -1) (44, 0) (50, -1) (66, 0) (81, 0) (100, 0) (105, -1) (305, -1) (390, 0) (441, 1) (999, 0)
NO (12, 0) (19, 1) (39, 1) (44, 0) (50, -1) (66, 0) (81, 0) (100, 0) (105, -1) (305, -1) (390, 0) (441, 1) (999, 0)
NO (12, 0) (19, 1) (39, 1) (44, 0) (50, 0) (66, 0) (81, 0) (100, 0) (305, 0) (390, 0) (441, 0) (999, 0)
NO (12, 0) (19, 0) (44, 0) (50, -1) (66, 0) (81, 0) (100, 0) (305, 0) (390, 0) (441, 0) (999, 0)
NO (12, 0) (19, 0) (44, 0) (50, -1) (81, -1) (100, 0) (305, 0) (390, 0) (441, 0) (999, 0)
NO (12, 0) (19, 0) (44, 0) (50, -1) (81, -1) (100, 0) (390, 0) (441, -1) (999, 0)
NO (12, 0) (19, 1) (50, -1) (81, -1) (100, 0) (390, 0) (441, -1) (999, 0)
RR (12, 0) (50, -1) (81, -1) (100, 0) (390, 1) (441, -1) (999, 0)
LR (12, 0) (50, 1) (81, 0) (100, 0) (390, 0) (999, 0)
NO (12, 0) (50, 1) (81, 0) (100, 0) (999, 1)
NO (50, 0) (81, -1) (100, 0) (999, 1)
NO (50, 0) (100, 0) (999, 0)
NO (100, -1) (999, 0)
NO (999, 0)
NO
